41
18467
6334
26500
19169
15724
11478
29358
26962
24464
5705
28145
23281
16827
9961
491
2995
11942
4827
5436
32391
14604
3902
153
292
12382
17421
18716
19718
19895
5447
21726
14771
11538
1869
19912
25667
26299
17035
9894
28703
23811
31322
30333
17673
4664
15141
7711
28253
6868
25547
27644
32662
32757
20037
12859
8723
9741
27529
778
12316
3035
22190
1842
288
30106
9040
8942
19264
22648
27446
23805
15890
6729
24370
15350
15006
31101
24393
3548
19629
12623
24084
19954
18756
11840
4966
7376
13931
26308
16944
32439
24626
11323
5537
21538
16118
2082
22929
16541
4833
31115
4639
29658
22704
9930
13977
2306
31673
22386
5021
28745
26924
19072
6270
5829
26777
15573
5097
16512
23986
13290
9161
18636
22355
24767
23655
15574
4031
12052
27350
1150
16941
21724
13966
3430
31107
30191
18007
11337
15457
12287
27753
10383
14945
8909
32209
9758
24221
18588
6422
24946
27506
13030
16413
29168
900
32591
18762
837160828
Left Button Down
1655
Left Button Up
17410
6359
27624
20537
21548
6483
27595
4041
3602
24350
10291
30836
9374
11020
4596
24021
27348
23199
19668
24484
8281
4734
53
1999
26418
27938
6900
3788
18127
467
3728
14893
24648
22483
17807
2421
14310
6617
22813
9514
14309
7616
18935
17451
20600
5249
16519
31556
22798
30303
6224
11008
5844
32609
14989
32702
3195
20485
3093
14343
30523
1587
29314
9503
7448
25200
13458
6618
20580
19796
14798
15281
19589
20798
28009
27157
20472
23622
18538
12292
6038
24179
18190
29657
7958
6191
19815
22888
19156
11511
16202
2634
24272
20055
20328
22646
837162545
Left Button Down
26362
Left Button Up
4886
18875
28433
29869
20142
23844
1416
21881
31998
10322
18651
10021
5699
3557
28476
27892
24389
5075
10712
2600
2510
21003
26869
17861
14688
13401
9789
15255
16423
5002
10585
24182
10285
27088
31426
28617
23757
9832
30932
4169
2154
25721
17189
19976
31329
2368
28692
21425
10555
837164041
Left Button Down
3434
Left Button Up
16549
7441
9512
30145
18060
21718
3753
16139
12423
16279
25996
16687
12529
22549
17437
19866
12949
193
23195
3297
20416
28286
16105
24488
16282
12455
25734
18114
11701
31316
20671
5786
12263
4313
24355
31185
20053
912
10808
1832
20945
4313
27756
28321
19558
23646
27982
481
4144
23196
20222
7129
2161
5535
20450
11173
10466
12044
21659
26292
26439
17253
20024
26154
29510
4745
20649
13186
8313
4474
28022
2168
14018
18787
9905
17958
7391
10202
3625
26477
4414
9314
25824
29334
25874
24372
20159
11833
28070
7487
837165497
Left Button Down
28297
Left Button Up
7518
8177
17773
32270
1763
2668
17192
13985
3102
8480
29213
7627
4802
4099
30527
2625
1543
1924
11023
29972
13061
14181
31003
27432
17505
27593
22725
13031
8492
142
17222
31286
13064
7900
19187
8360
22413
30974
14270
29170
235
30833
19711
25760
18896
4667
7285
12550
140
13694
837167270
Left Button Down
2695
21624
28019
2125
26576
21694
22658
26302
17371
22466
4678
22593
23851
25484
1018
28464
21119
23152
2800
18087
31060
1926
9010
4757
32170
20315
9576
30227
12043
22758
7164
5109
7882
17086
29565
3487
29577
14474
2625
25627
Left Button Up
5629
31928
25423
28520
6902
14962
123
24596
3737
13261
10195
32525
1264
8260
6202
8116
5030
20326
29011
30771
6411
25547
21153
21520
29790
14924
30188
21763
4940
20851
18662
13829
30900
17713
18958
17578
8365
837168562
Left Button Down
13007
Left Button Up
11477
1200
26058
6439
2303
12760
19357
2324
6477
5108
21113
14887
19801
22850
14460
22428
12993
27384
19405
6540
31111
28704
12835
32356
6072
29350
18823
14485
20556
23216
1626
9357
8526
13357
29337
23271
23869
29361
12896
13022
29617
10112
12717
18696
11585
24041
24423
24129
24229
4565
6559
8932
22296
29855
12053
16962
3584
29734
6654
16972
21457
14369
22532
2963
2607
2483
911
11635
10067
22848
4675
12938
2223
22142
23754
6511
22741
20175
21459
17825
3221
17870
1626
31934
15205
31783
23850
17398
22279
22701
12193
12734
1637
26534
5556
1993
10176
25705
6962
10548
15881
300
14413
16641
19855
24855
13142
11462
27611
30877
20424
32678
1752
18443
28296
12673
10040
9313
875
20072
12818
610
1017
14932
28112
30695
13169
23831
20040
26488
28685
19090
19497
2589
25990
15145
19353
19314
18651
26740
22044
11258
335
8759
11192
7605
25264
12181
28503
3829
23775
20608
29292
5997
17549
29556
25561
31627
6467
29541
26129
31240
27813
29174
20601
6077
20215
8683
8213
23992
25824
5601
23392
15759
2670
26428
28027
4084
10075
18786
15498
24970
6287
23847
32604
503
21221
22663
5706
2363
9010
22171
27489
18240
12164
25542
7619
20913
7591
6704
31818
9232
750
25205
4975
1539
303
11422
21098
11247
13584
13648
2971
17864
22913
11075
21545
28712
17546
18678
1769
15262
8519
13985
28289
15944
2865
18540
23245
25508
28318
27870
837173265
Left Button Down
9601
Left Button Up
28323
21132
24472
27152
25087
28570
29763
29901
17103
14423
3527
11600
26969
14015
5565
28
21543
25347
2088
2943
12637
22409
837174360
Left Button Down
26463
Left Button Up
5049
4681
1588
11342
608
32060
21221
1758
29954
20888
14146
690
7949
12843
21430
25620
748
27067
4536
20783
18035
32226
15185
7038
9853
25629
11224
15748
19923
3359
32257
24766
4944
14955
23318
32726
25411
21025
20355
31001
837175498
Left Button Down
22549
Left Button Up
9496
18584
9515
17964
23342
8075
17913
16142
31196
21948
25072
20426
14606
26173
24429
32404
6705
20626
29812
19375
30093
16565
16036
14736
29141
30814
5994
8256
6652
23936
30838
20482
1355
21015
1131
18230
17841
14625
2011
32637
4186
19690
1650
5662
21634
10893
10353
21416
13452
14008
7262
22233
5454
16303
16634
26303
14256
148
11124
12317
4213
27109
24028
29200
21080
21318
16858
24050
24155
31361
15264
11903
3676
29643
837176558
Left Button Down
26909
Left Button Up
14902
837178203
Left Button Down
3561
Left Button Up
26285
837180025
Left Button Down
21835
Left Button Up
27156
837180626
Left Button Down
22652
Left Button Up
23272
12009
5253
9352
16618
6580
3065
27631
25003
20940
5855
10998
6576
3509
28025
25957
6122
20909
4063
13443
987
3389
15688
28993
20218
14095
28805
20150
13657
23295
1486
30923
12677
20084
837181897
Left Button Down
28097
Left Button Up
2872
26541
32497
4520
29871
19463
3815
19707
6742
2160
13518
8230
20347
25939
4211
139
30084
14795
27284
27083
22564
9996
4778
5185
6613
8959
20230
29904
17538
5676
4895
27103
21123
4317
28715
14753
17359
23424
29676
17818
4973
26190
27085
5983
8492
23594
12845
10909
25492
23756
9211
6236
30236
8734
11395
1925
837182787
Left Button Down
22430
Left Button Up
5350
837183783
Left Button Down
8583
Left Button Up
1698
27911
5286
31122
13030
7251
30400
24201
20589
5049
222
20099
14276
4386
25233
16090
15532
15840
29241
30083
29211
29341
12580
3226
28548
30609
23290
21569
31576
5369
1112
1707
16077
1988
3259
628
26334
11919
26528
32564
22163
723
233
28755
20098
12893
16515
2591
11670
27903
28998
7451
12047
14982
3868
15258
18890
27883
16486
23949
5315
718
32411
30362
21720
3615
12850
12910
6096
29471
17859
19283
155
4999
29801
12037
10459
14854
22378
26049
15268
23025
30490
28576
11648
30519
25340
3107
13751
19091
5419
8207
27853
30213
9464
11643
837185343
Left Button Down
13387
Left Button Up
23938
3285
4647
19395
30699
1906
15
14094
11324
18469
25664
23000
3846
4751
12267
27743
5151
30077
14264
11639
2199
11532
7516
30162
26863
28689
30574
4222
26502
11447
11126
31919
14164
30826
11848
837186042
Left Button Down
31935
Left Button Up
28378
14068
7824
5747
5977
15590
28077
26752
15427
28986
2755
31053
3823
12854
17419
25339
29328
404
21102
163
1128
15327
17235
222
29753
24352
13493
395
16637
9402
6008
6348
11734
29331
27645
28498
840
26484
11508
20443
28838
1715
23665
20472
8650
18191
26434
30228
23817
2267
21121
178
15719
14175
26469
13046
23814
6523
20829
19047
997
5517
25184
499
11975
27797
29054
17972
624
12439
1980
32497
837187427
Left Button Down
32535
Left Button Up
31297
20254
4584
2073
8654
30725
714
5099
32554
2235
21640
6226
30039
19277
4045
1750
19727
19865
4811
28020
8875
10151
3643
3987
27459
31805
21407
2873
21783
26541
22731
24191
1837
20722
5283
24898
1084
20731
6438
1820
13513
9287
3756
32146
23696
23218
29803
31375
32549
14735
19008
20242
30683
1014
1965
4643
18661
7519
1054
30731
26043
14960
13424
10692
31936
5140
25011
12463
1057
20685
15663
19077
3584
6219
30118
14736
10194
1341
12761
25883
18693
26983
5197
24103
5350
6133
11343
7263
29635
10767
30774
1870
18252
29101
23784
8144
15935
3757
13984
24006
2885
23075
26350
5646
791
7152
1023
31923
26084
16022
3358
5984
22519
30026
18555
13339
19861
2123
11819
14383
28196
15219
1137
23402
12947
779
4412
9097
837191121
Left Button Down
17141
Left Button Up
